V 54
K 1
D 0 -4318000 4064000 2286000
Y 1
U 3683000 2286000 254000 0 2 3 REFDES=IC?
U 3683000 2032000 254000 0 2 3 DEVICE=LMX2572RHAT
U 3683000 1778000 254000 0 2 0 PKG_TYPE=QFN50P600X600X100-41N-D
U 3683000 1524000 254000 0 2 0 Description=6.4-GHz low-power wideband RF synthesizer 
U 3683000 1270000 254000 0 2 0 Datasheet Link=http://www.ti.com/lit/gpn/lmx2572
U 3683000 1016000 254000 0 2 0 Height=1
U 3683000 762000 254000 0 2 0 Mouser Part Number=595-LMX2572RHAT
U 3683000 508000 254000 0 2 0 Mouser Price/Stock=https://www.mouser.co.uk/ProductDetail/Texas-Instruments/LMX2572RHAT?qs=BZBei1rCqCAcV8D5kfnwXg%3D%3D
U 3683000 254000 254000 0 2 0 Manufacturer_Name=Texas Instruments
U 3683000 0 254000 0 2 0 Manufacturer_Part_Number=LMX2572RHAT
U 0 0 254000 0 1 0 FORWARD_PCB=1
l 5 508000 1778000 3556000 1778000 3556000 -3810000 508000 -3810000 508000 1778000
|GRPHSTL -1 -1 -1 1
P 1 0 0 508000 0 0 2 0
L 584200 0 228600 0 2 0 1 0 CE
A 355600 50800 203200 0 9 3 #=1
A 0 0 9 0 3 0 PINTYPE=BI
P 2 0 -254000 508000 -254000 0 2 0
L 584200 -254000 228600 0 2 0 1 0 GND_1
A 355600 -203200 203200 0 9 3 #=2
A 0 0 9 0 3 0 PINTYPE=BI
P 3 0 -508000 508000 -508000 0 2 0
L 584200 -508000 228600 0 2 0 1 0 VBIASVCO
A 355600 -457200 203200 0 9 3 #=3
A 0 0 9 0 3 0 PINTYPE=BI
P 4 0 -762000 508000 -762000 0 2 0
L 584200 -762000 228600 0 2 0 1 0 GND_2
A 355600 -711200 203200 0 9 3 #=4
A 0 0 9 0 3 0 PINTYPE=BI
P 5 0 -1016000 508000 -1016000 0 2 0
L 584200 -1016000 228600 0 2 0 1 0 SYNC
A 355600 -965200 203200 0 9 3 #=5
A 0 0 9 0 3 0 PINTYPE=BI
P 6 0 -1270000 508000 -1270000 0 2 0
L 584200 -1270000 228600 0 2 0 1 0 GND_3
A 355600 -1219200 203200 0 9 3 #=6
A 0 0 9 0 3 0 PINTYPE=BI
P 7 0 -1524000 508000 -1524000 0 2 0
L 584200 -1524000 228600 0 2 0 1 0 VCCDIG
A 355600 -1473200 203200 0 9 3 #=7
A 0 0 9 0 3 0 PINTYPE=BI
P 8 0 -1778000 508000 -1778000 0 2 0
L 584200 -1778000 228600 0 2 0 1 0 OSCINP
A 355600 -1727200 203200 0 9 3 #=8
A 0 0 9 0 3 0 PINTYPE=BI
P 9 0 -2032000 508000 -2032000 0 2 0
L 584200 -2032000 228600 0 2 0 1 0 OSCINM
A 355600 -1981200 203200 0 9 3 #=9
A 0 0 9 0 3 0 PINTYPE=BI
P 10 0 -2286000 508000 -2286000 0 2 0
L 584200 -2286000 228600 0 2 0 1 0 VREGIN
A 355600 -2235200 203200 0 9 3 #=10
A 0 0 9 0 3 0 PINTYPE=BI
P 11 762000 -4318000 762000 -3810000 0 1 0
L 762000 -3733800 228600 1 2 0 1 0 VCCCP
A 711200 -3962400 203200 1 9 3 #=11
A 0 0 9 0 3 0 PINTYPE=BI
P 12 1016000 -4318000 1016000 -3810000 0 1 0
L 1016000 -3733800 228600 1 2 0 1 0 CPOUT
A 965200 -3962400 203200 1 9 3 #=12
A 0 0 9 0 3 0 PINTYPE=BI
P 13 1270000 -4318000 1270000 -3810000 0 1 0
L 1270000 -3733800 228600 1 2 0 1 0 GND_4
A 1219200 -3962400 203200 1 9 3 #=13
A 0 0 9 0 3 0 PINTYPE=BI
P 14 1524000 -4318000 1524000 -3810000 0 1 0
L 1524000 -3733800 228600 1 2 0 1 0 GND_5
A 1473200 -3962400 203200 1 9 3 #=14
A 0 0 9 0 3 0 PINTYPE=BI
P 15 1778000 -4318000 1778000 -3810000 0 1 0
L 1778000 -3733800 228600 1 2 0 1 0 VCCMASH
A 1727200 -3962400 203200 1 9 3 #=15
A 0 0 9 0 3 0 PINTYPE=BI
P 16 2032000 -4318000 2032000 -3810000 0 1 0
L 2032000 -3733800 228600 1 2 0 1 0 SCK
A 1981200 -3962400 203200 1 9 3 #=16
A 0 0 9 0 3 0 PINTYPE=BI
P 17 2286000 -4318000 2286000 -3810000 0 1 0
L 2286000 -3733800 228600 1 2 0 1 0 SDI
A 2235200 -3962400 203200 1 9 3 #=17
A 0 0 9 0 3 0 PINTYPE=BI
P 18 2540000 -4318000 2540000 -3810000 0 1 0
L 2540000 -3733800 228600 1 2 0 1 0 RFOUTBM
A 2489200 -3962400 203200 1 9 3 #=18
A 0 0 9 0 3 0 PINTYPE=BI
P 19 2794000 -4318000 2794000 -3810000 0 1 0
L 2794000 -3733800 228600 1 2 0 1 0 RFOUTBP
A 2743200 -3962400 203200 1 9 3 #=19
A 0 0 9 0 3 0 PINTYPE=BI
P 20 3048000 -4318000 3048000 -3810000 0 1 0
L 3048000 -3733800 228600 1 2 0 1 0 MUXOUT
A 2997200 -3962400 203200 1 9 3 #=20
A 0 0 9 0 3 0 PINTYPE=BI
P 21 4064000 0 3556000 0 0 3 0
L 3479800 0 228600 0 8 0 1 0 RAMPCLK
A 3708400 50800 203200 0 3 3 #=30
A 0 0 9 0 3 0 PINTYPE=BI
P 22 4064000 -254000 3556000 -254000 0 3 0
L 3479800 -254000 228600 0 8 0 1 0 VREFVCO2
A 3708400 -203200 203200 0 3 3 #=29
A 0 0 9 0 3 0 PINTYPE=BI
P 23 4064000 -508000 3556000 -508000 0 3 0
L 3479800 -508000 228600 0 8 0 1 0 SYSREFREQ
A 3708400 -457200 203200 0 3 3 #=28
A 0 0 9 0 3 0 PINTYPE=BI
P 24 4064000 -762000 3556000 -762000 0 3 0
L 3479800 -762000 228600 0 8 0 1 0 VBIASVCO2
A 3708400 -711200 203200 0 3 3 #=27
A 0 0 9 0 3 0 PINTYPE=BI
P 25 4064000 -1016000 3556000 -1016000 0 3 0
L 3479800 -1016000 228600 0 8 0 1 0 VCCVCO2
A 3708400 -965200 203200 0 3 3 #=26
A 0 0 9 0 3 0 PINTYPE=BI
P 26 4064000 -1270000 3556000 -1270000 0 3 0
L 3479800 -1270000 228600 0 8 0 1 0 GND_6
A 3708400 -1219200 203200 0 3 3 #=25
A 0 0 9 0 3 0 PINTYPE=BI
P 27 4064000 -1524000 3556000 -1524000 0 3 0
L 3479800 -1524000 228600 0 8 0 1 0 CSB
A 3708400 -1473200 203200 0 3 3 #=24
A 0 0 9 0 3 0 PINTYPE=BI
P 28 4064000 -1778000 3556000 -1778000 0 3 0
L 3479800 -1778000 228600 0 8 0 1 0 RFOUTAP
A 3708400 -1727200 203200 0 3 3 #=23
A 0 0 9 0 3 0 PINTYPE=BI
P 29 4064000 -2032000 3556000 -2032000 0 3 0
L 3479800 -2032000 228600 0 8 0 1 0 RFOUTAM
A 3708400 -1981200 203200 0 3 3 #=22
A 0 0 9 0 3 0 PINTYPE=BI
P 30 4064000 -2286000 3556000 -2286000 0 3 0
L 3479800 -2286000 228600 0 8 0 1 0 VCCBUF
A 3708400 -2235200 203200 0 3 3 #=21
A 0 0 9 0 3 0 PINTYPE=BI
P 31 762000 2286000 762000 1778000 0 0 0
L 762000 1701800 228600 1 8 0 1 0 EP
A 711200 1930400 203200 1 3 3 #=41
A 0 0 9 0 3 0 PINTYPE=BI
P 32 1016000 2286000 1016000 1778000 0 0 0
L 1016000 1701800 228600 1 8 0 1 0 GND_10
A 965200 1930400 203200 1 3 3 #=40
A 0 0 9 0 3 0 PINTYPE=BI
P 33 1270000 2286000 1270000 1778000 0 0 0
L 1270000 1701800 228600 1 8 0 1 0 GND_9
A 1219200 1930400 203200 1 3 3 #=39
A 0 0 9 0 3 0 PINTYPE=BI
P 34 1524000 2286000 1524000 1778000 0 0 0
L 1524000 1701800 228600 1 8 0 1 0 VREGVCO
A 1473200 1930400 203200 1 3 3 #=38
A 0 0 9 0 3 0 PINTYPE=BI
P 35 1778000 2286000 1778000 1778000 0 0 0
L 1778000 1701800 228600 1 8 0 1 0 VCCVCO
A 1727200 1930400 203200 1 3 3 #=37
A 0 0 9 0 3 0 PINTYPE=BI
P 36 2032000 2286000 2032000 1778000 0 0 0
L 2032000 1701800 228600 1 8 0 1 0 VREFVCO
A 1981200 1930400 203200 1 3 3 #=36
A 0 0 9 0 3 0 PINTYPE=BI
P 37 2286000 2286000 2286000 1778000 0 0 0
L 2286000 1701800 228600 1 8 0 1 0 VTUNE
A 2235200 1930400 203200 1 3 3 #=35
A 0 0 9 0 3 0 PINTYPE=BI
P 38 2540000 2286000 2540000 1778000 0 0 0
L 2540000 1701800 228600 1 8 0 1 0 GND_8
A 2489200 1930400 203200 1 3 3 #=34
A 0 0 9 0 3 0 PINTYPE=BI
P 39 2794000 2286000 2794000 1778000 0 0 0
L 2794000 1701800 228600 1 8 0 1 0 VBIASVARAC
A 2743200 1930400 203200 1 3 3 #=33
A 0 0 9 0 3 0 PINTYPE=BI
P 40 3048000 2286000 3048000 1778000 0 0 0
L 3048000 1701800 228600 1 8 0 1 0 RAMPDIR
A 2997200 1930400 203200 1 3 3 #=32
A 0 0 9 0 3 0 PINTYPE=BI
P 41 3302000 2286000 3302000 1778000 0 0 0
L 3302000 1701800 228600 1 8 0 1 0 GND_7
A 3251200 1930400 203200 1 3 3 #=31
A 0 0 9 0 3 0 PINTYPE=BI
E
