V 54
K 1
D 0 -2794000 3556000 1778000
Y 1
U 3175000 1778000 254000 0 2 3 REFDES=IC?
U 3175000 1524000 254000 0 2 3 DEVICE=TPS65131RGERG4
U 3175000 1270000 254000 0 2 0 PKG_TYPE=QFN50P400X400X100-25N-D
U 3175000 1016000 254000 0 2 0 Description=Conv DC-DC 2.7V to 5.5V Inv/Step Up Dual-Out -15V to -2V/3.2V to 15V 1.95A 24-Pin VQFN EP T/R
U 3175000 762000 254000 0 2 0 Datasheet Link=
U 3175000 508000 254000 0 2 0 Height=1
U 3175000 254000 254000 0 2 0 Mouser Part Number=595-TPS65131RGERG4
U 3175000 0 254000 0 2 0 Mouser Price/Stock=https://www.mouser.co.uk/ProductDetail/Texas-Instruments/TPS65131RGERG4?qs=Gse6rAGbi789eahqaFddAw%3D%3D
U 3175000 -254000 254000 0 2 0 Manufacturer_Name=Texas Instruments
U 3175000 -508000 254000 0 2 0 Manufacturer_Part_Number=TPS65131RGERG4
U 0 0 254000 0 1 0 FORWARD_PCB=1
l 5 508000 1270000 3048000 1270000 3048000 -2286000 508000 -2286000 508000 1270000
|GRPHSTL -1 -1 -1 1
P 1 0 0 508000 0 0 2 0
L 584200 0 228600 0 2 0 1 0 INP_1
A 355600 50800 203200 0 9 3 #=1
A 0 0 9 0 3 0 PINTYPE=BI
P 2 0 -254000 508000 -254000 0 2 0
L 584200 -254000 228600 0 2 0 1 0 PGND_1
A 355600 -203200 203200 0 9 3 #=2
A 0 0 9 0 3 0 PINTYPE=BI
P 3 0 -508000 508000 -508000 0 2 0
L 584200 -508000 228600 0 2 0 1 0 PGND_2
A 355600 -457200 203200 0 9 3 #=3
A 0 0 9 0 3 0 PINTYPE=BI
P 4 0 -762000 508000 -762000 0 2 0
L 584200 -762000 228600 0 2 0 1 0 VIN
A 355600 -711200 203200 0 9 3 #=4
A 0 0 9 0 3 0 PINTYPE=BI
P 5 0 -1016000 508000 -1016000 0 2 0
L 584200 -1016000 228600 0 2 0 1 0 INN_1
A 355600 -965200 203200 0 9 3 #=5
A 0 0 9 0 3 0 PINTYPE=BI
P 6 0 -1270000 508000 -1270000 0 2 0
L 584200 -1270000 228600 0 2 0 1 0 INN_2
A 355600 -1219200 203200 0 9 3 #=6
A 0 0 9 0 3 0 PINTYPE=BI
P 7 1016000 -2794000 1016000 -2286000 0 1 0
L 1016000 -2209800 228600 1 2 0 1 0 BSW
A 965200 -2438400 203200 1 9 3 #=7
A 0 0 9 0 3 0 PINTYPE=BI
P 8 1270000 -2794000 1270000 -2286000 0 1 0
L 1270000 -2209800 228600 1 2 0 1 0 ENP
A 1219200 -2438400 203200 1 9 3 #=8
A 0 0 9 0 3 0 PINTYPE=BI
P 9 1524000 -2794000 1524000 -2286000 0 1 0
L 1524000 -2209800 228600 1 2 0 1 0 PSP
A 1473200 -2438400 203200 1 9 3 #=9
A 0 0 9 0 3 0 PINTYPE=BI
P 10 1778000 -2794000 1778000 -2286000 0 1 0
L 1778000 -2209800 228600 1 2 0 1 0 ENN
A 1727200 -2438400 203200 1 9 3 #=10
A 0 0 9 0 3 0 PINTYPE=BI
P 11 2032000 -2794000 2032000 -2286000 0 1 0
L 2032000 -2209800 228600 1 2 0 1 0 PSN
A 1981200 -2438400 203200 1 9 3 #=11
A 0 0 9 0 3 0 PINTYPE=BI
P 12 2286000 -2794000 2286000 -2286000 0 1 0
L 2286000 -2209800 228600 1 2 0 1 0 NC_1
A 2235200 -2438400 203200 1 9 3 #=12
A 0 0 9 0 3 0 PINTYPE=BI
P 13 3556000 0 3048000 0 0 3 0
L 2971800 0 228600 0 8 0 1 0 CN
A 3200400 50800 203200 0 3 3 #=18
A 0 0 9 0 3 0 PINTYPE=BI
P 14 3556000 -254000 3048000 -254000 0 3 0
L 2971800 -254000 228600 0 8 0 1 0 VREF
A 3200400 -203200 203200 0 3 3 #=17
A 0 0 9 0 3 0 PINTYPE=BI
P 15 3556000 -508000 3048000 -508000 0 3 0
L 2971800 -508000 228600 0 8 0 1 0 FBN
A 3200400 -457200 203200 0 3 3 #=16
A 0 0 9 0 3 0 PINTYPE=BI
P 16 3556000 -762000 3048000 -762000 0 3 0
L 2971800 -762000 228600 0 8 0 1 0 VNEG
A 3200400 -711200 203200 0 3 3 #=15
A 0 0 9 0 3 0 PINTYPE=BI
P 17 3556000 -1016000 3048000 -1016000 0 3 0
L 2971800 -1016000 228600 0 8 0 1 0 OUTN_2
A 3200400 -965200 203200 0 3 3 #=14
A 0 0 9 0 3 0 PINTYPE=BI
P 18 3556000 -1270000 3048000 -1270000 0 3 0
L 2971800 -1270000 228600 0 8 0 1 0 OUTN_1
A 3200400 -1219200 203200 0 3 3 #=13
A 0 0 9 0 3 0 PINTYPE=BI
P 19 1016000 1778000 1016000 1270000 0 0 0
L 1016000 1193800 228600 1 8 0 1 0 EP
A 965200 1422400 203200 1 3 3 #=25
A 0 0 9 0 3 0 PINTYPE=BI
P 20 1270000 1778000 1270000 1270000 0 0 0
L 1270000 1193800 228600 1 8 0 1 0 INP_2
A 1219200 1422400 203200 1 3 3 #=24
A 0 0 9 0 3 0 PINTYPE=BI
P 21 1524000 1778000 1524000 1270000 0 0 0
L 1524000 1193800 228600 1 8 0 1 0 VPOS
A 1473200 1422400 203200 1 3 3 #=23
A 0 0 9 0 3 0 PINTYPE=BI
P 22 1778000 1778000 1778000 1270000 0 0 0
L 1778000 1193800 228600 1 8 0 1 0 FBP
A 1727200 1422400 203200 1 3 3 #=22
A 0 0 9 0 3 0 PINTYPE=BI
P 23 2032000 1778000 2032000 1270000 0 0 0
L 2032000 1193800 228600 1 8 0 1 0 CP
A 1981200 1422400 203200 1 3 3 #=21
A 0 0 9 0 3 0 PINTYPE=BI
P 24 2286000 1778000 2286000 1270000 0 0 0
L 2286000 1193800 228600 1 8 0 1 0 NC_2
A 2235200 1422400 203200 1 3 3 #=20
A 0 0 9 0 3 0 PINTYPE=BI
P 25 2540000 1778000 2540000 1270000 0 0 0
L 2540000 1193800 228600 1 8 0 1 0 AGND
A 2489200 1422400 203200 1 3 3 #=19
A 0 0 9 0 3 0 PINTYPE=BI
E
