V 54
K 1
D 0 -2286000 3048000 2540000
Y 1
U 2667000 2540000 254000 0 2 3 REFDES=PS?
U 2667000 2286000 254000 0 2 3 DEVICE=TPS62150RGTR
U 2667000 2032000 254000 0 2 0 PKG_TYPE=QFN50P300X300X100-17N-D
U 2667000 1778000 254000 0 2 0 Description=317V 1A Step-Down Converter with DCS-Control in 3x3 QFN package
U 2667000 1524000 254000 0 2 0 Datasheet Link=http://www.ti.com/lit/gpn/tps62150
U 2667000 1270000 254000 0 2 0 Height=1
U 2667000 1016000 254000 0 2 0 Mouser Part Number=595-TPS62150RGTR
U 2667000 762000 254000 0 2 0 Mouser Price/Stock=https://www.mouser.co.uk/ProductDetail/Texas-Instruments/TPS62150RGTR?qs=gXEV9p%2FxLgee1dYSWoqQIw%3D%3D
U 2667000 508000 254000 0 2 0 Manufacturer_Name=Texas Instruments
U 2667000 254000 254000 0 2 0 Manufacturer_Part_Number=TPS62150RGTR
U 0 0 254000 0 1 0 FORWARD_PCB=1
l 5 508000 2032000 2540000 2032000 2540000 -1778000 508000 -1778000 508000 2032000
|GRPHSTL -1 -1 -1 1
P 1 0 0 508000 0 0 2 0
L 584200 0 228600 0 2 0 1 0 SW_1
A 355600 50800 203200 0 9 3 #=1
A 0 0 9 0 3 0 PINTYPE=IN
P 2 0 -254000 508000 -254000 0 2 0
L 584200 -254000 228600 0 2 0 1 0 SW_2
A 355600 -203200 203200 0 9 3 #=2
A 0 0 9 0 3 0 PINTYPE=IN
P 3 0 -508000 508000 -508000 0 2 0
L 584200 -508000 228600 0 2 0 1 0 SW_3
A 355600 -457200 203200 0 9 3 #=3
A 0 0 9 0 3 0 PINTYPE=BI
P 4 0 -762000 508000 -762000 0 2 0
L 584200 -762000 228600 0 2 0 1 0 PG
A 355600 -711200 203200 0 9 3 #=4
A 0 0 9 0 3 0 PINTYPE=BI
P 5 1016000 -2286000 1016000 -1778000 0 1 0
L 1016000 -1701800 228600 1 2 0 1 0 FB
A 965200 -1930400 203200 1 9 3 #=5
A 0 0 9 0 3 0 PINTYPE=BI
P 6 1270000 -2286000 1270000 -1778000 0 1 0
L 1270000 -1701800 228600 1 2 0 1 0 AGND
A 1219200 -1930400 203200 1 9 3 #=6
A 0 0 9 0 3 0 PINTYPE=GROUND
P 7 1524000 -2286000 1524000 -1778000 0 1 0
L 1524000 -1701800 228600 1 2 0 1 0 FSW
A 1473200 -1930400 203200 1 9 3 #=7
A 0 0 9 0 3 0 PINTYPE=BI
P 8 1778000 -2286000 1778000 -1778000 0 1 0
L 1778000 -1701800 228600 1 2 0 1 0 DEF
A 1727200 -1930400 203200 1 9 3 #=8
A 0 0 9 0 3 0 PINTYPE=BI
P 9 3048000 0 2540000 0 0 3 0
L 2463800 0 228600 0 8 0 1 0 PVIN_2
A 2692400 50800 203200 0 3 3 #=12
A 0 0 9 0 3 0 PINTYPE=BI
P 10 3048000 -254000 2540000 -254000 0 3 0
L 2463800 -254000 228600 0 8 0 1 0 PVIN_1
A 2692400 -203200 203200 0 3 3 #=11
A 0 0 9 0 3 0 PINTYPE=BI
P 11 3048000 -508000 2540000 -508000 0 3 0
L 2463800 -508000 228600 0 8 0 1 0 AVIN
A 2692400 -457200 203200 0 3 3 #=10
A 0 0 9 0 3 0 PINTYPE=BI
P 12 3048000 -762000 2540000 -762000 0 3 0
L 2463800 -762000 228600 0 8 0 1 0 SS/TR
A 2692400 -711200 203200 0 3 3 #=9
A 0 0 9 0 3 0 PINTYPE=BI
P 13 1016000 2540000 1016000 2032000 0 0 0
L 1016000 1955800 228600 1 8 0 1 0 THERMAL_PAD
A 965200 2184400 203200 1 3 3 #=17
A 0 0 9 0 3 0 PINTYPE=GROUND
P 14 1270000 2540000 1270000 2032000 0 0 0
L 1270000 1955800 228600 1 8 0 1 0 PGND_2
A 1219200 2184400 203200 1 3 3 #=16
A 0 0 9 0 3 0 PINTYPE=GROUND
P 15 1524000 2540000 1524000 2032000 0 0 0
L 1524000 1955800 228600 1 8 0 1 0 PGND_1
A 1473200 2184400 203200 1 3 3 #=15
A 0 0 9 0 3 0 PINTYPE=GROUND
P 16 1778000 2540000 1778000 2032000 0 0 0
L 1778000 1955800 228600 1 8 0 1 0 VOS
A 1727200 2184400 203200 1 3 3 #=14
A 0 0 9 0 3 0 PINTYPE=BI
P 17 2032000 2540000 2032000 2032000 0 0 0
L 2032000 1955800 228600 1 8 0 1 0 EN
A 1981200 2184400 203200 1 3 3 #=13
A 0 0 9 0 3 0 PINTYPE=BI
E
