V 54
K 1
D 0 -1270000 2540000 0
Y 1
U 2159000 762000 254000 0 2 3 REFDES=J?
U 2159000 508000 254000 0 2 3 DEVICE=2480803-1
U 2159000 254000 254000 0 2 0 PKG_TYPE=24808031
U 2159000 0 254000 0 2 0 Description=USB Connectors USB-C Charge Only Receptacle,6 Pin, Vertical, Short, 3u GF
U 2159000 -254000 254000 0 2 0 Datasheet Link=https://www.te.com/de/product-2480803-1.datasheet.pdf
U 2159000 -508000 254000 0 2 0 Height=6.5
U 2159000 -762000 254000 0 2 0 Mouser Part Number=571-2480803-1
U 2159000 -1016000 254000 0 2 0 Mouser Price/Stock=https://www.mouser.co.uk/ProductDetail/TE-Connectivity/2480803-1?qs=dbcCsuKDzFUIALFiru2Iew%3D%3D
U 2159000 -1270000 254000 0 2 0 Manufacturer_Name=TE Connectivity
U 2159000 -1524000 254000 0 2 0 Manufacturer_Part_Number=2480803-1
U 0 0 254000 0 1 0 FORWARD_PCB=1
l 5 508000 254000 2032000 254000 2032000 -1524000 508000 -1524000 508000 254000
|GRPHSTL -1 -1 -1 1
P 1 2540000 -508000 2032000 -508000 0 3 0
L 1955800 -508000 228600 0 8 0 1 0 A5
A 2184400 -457200 203200 0 3 3 #=A5
A 0 0 9 0 3 0 PINTYPE=BI
P 2 2540000 -1016000 2032000 -1016000 0 3 0
L 1955800 -1016000 228600 0 8 0 1 0 A9
A 2184400 -965200 203200 0 3 3 #=A9
A 0 0 9 0 3 0 PINTYPE=BI
P 3 2540000 -1270000 2032000 -1270000 0 3 0
L 1955800 -1270000 228600 0 8 0 1 0 A12
A 2184400 -1219200 203200 0 3 3 #=A12
A 0 0 9 0 3 0 PINTYPE=BI
P 4 2540000 -762000 2032000 -762000 0 3 0
L 1955800 -762000 228600 0 8 0 1 0 B5
A 2184400 -711200 203200 0 3 3 #=B5
A 0 0 9 0 3 0 PINTYPE=BI
P 5 2540000 -254000 2032000 -254000 0 3 0
L 1955800 -254000 228600 0 8 0 1 0 B9
A 2184400 -203200 203200 0 3 3 #=B9
A 0 0 9 0 3 0 PINTYPE=BI
P 6 2540000 0 2032000 0 0 3 0
L 1955800 0 228600 0 8 0 1 0 B12
A 2184400 50800 203200 0 3 3 #=B12
A 0 0 9 0 3 0 PINTYPE=BI
P 7 0 0 508000 0 0 2 0
L 584200 0 228600 0 2 0 1 0 MH1
A 355600 50800 203200 0 9 3 #=MH1
A 0 0 9 0 3 0 PINTYPE=BI
P 8 0 -254000 508000 -254000 0 2 0
L 584200 -254000 228600 0 2 0 1 0 MH2
A 355600 -203200 203200 0 9 3 #=MH2
A 0 0 9 0 3 0 PINTYPE=BI
E
