V 54
K 1
D 0 -3048000 4064000 2286000
Y 1
U 3683000 2286000 254000 0 2 3 REFDES=IC?
U 3683000 2032000 254000 0 2 3 DEVICE=ADA4940-2ACPZ-RL
U 3683000 1778000 254000 0 2 0 PKG_TYPE=QFN50P400X400X80-25N-D
U 3683000 1524000 254000 0 2 0 Description=Differential Amplifiers Sub 10M W ADC Driver for PULSAR Family
U 3683000 1270000 254000 0 2 0 Datasheet Link=https://www.mouser.in/datasheet/2/609/ADA4940-1_4940-2-878284.pdf
U 3683000 1016000 254000 0 2 0 Height=0.8
U 3683000 762000 254000 0 2 0 Mouser Part Number=584-ADA4940-2ACPZ-R
U 3683000 508000 254000 0 2 0 Mouser Price/Stock=https://www.mouser.co.uk/ProductDetail/Analog-Devices/ADA4940-2ACPZ-RL?qs=BpaRKvA4VqHPFnyO4tWbXA%3D%3D
U 3683000 254000 254000 0 2 0 Manufacturer_Name=Analog Devices
U 3683000 0 254000 0 2 0 Manufacturer_Part_Number=ADA4940-2ACPZ-RL
U 0 0 254000 0 1 0 FORWARD_PCB=1
l 5 508000 1778000 3556000 1778000 3556000 -2540000 508000 -2540000 508000 1778000
|GRPHSTL -1 -1 -1 1
P 1 0 0 508000 0 0 2 0
L 584200 0 228600 0 2 0 1 0 -IN1
A 355600 50800 203200 0 9 3 #=1
A 0 0 9 0 3 0 PINTYPE=BI
P 2 0 -254000 508000 -254000 0 2 0
L 584200 -254000 228600 0 2 0 1 0 +FB1
A 355600 -203200 203200 0 9 3 #=2
A 0 0 9 0 3 0 PINTYPE=BI
P 3 0 -508000 508000 -508000 0 2 0
L 584200 -508000 228600 0 2 0 1 0 +VS1_1
A 355600 -457200 203200 0 9 3 #=3
A 0 0 9 0 3 0 PINTYPE=BI
P 4 0 -762000 508000 -762000 0 2 0
L 584200 -762000 228600 0 2 0 1 0 +VS1_2
A 355600 -711200 203200 0 9 3 #=4
A 0 0 9 0 3 0 PINTYPE=BI
P 5 0 -1016000 508000 -1016000 0 2 0
L 584200 -1016000 228600 0 2 0 1 0 -FB2
A 355600 -965200 203200 0 9 3 #=5
A 0 0 9 0 3 0 PINTYPE=BI
P 6 0 -1270000 508000 -1270000 0 2 0
L 584200 -1270000 228600 0 2 0 1 0 +IN2
A 355600 -1219200 203200 0 9 3 #=6
A 0 0 9 0 3 0 PINTYPE=BI
P 7 1270000 -3048000 1270000 -2540000 0 1 0
L 1270000 -2463800 228600 1 2 0 1 0 -IN2
A 1219200 -2692400 203200 1 9 3 #=7
A 0 0 9 0 3 0 PINTYPE=BI
P 8 1524000 -3048000 1524000 -2540000 0 1 0
L 1524000 -2463800 228600 1 2 0 1 0 +FB2
A 1473200 -2692400 203200 1 9 3 #=8
A 0 0 9 0 3 0 PINTYPE=BI
P 9 1778000 -3048000 1778000 -2540000 0 1 0
L 1778000 -2463800 228600 1 2 0 1 0 +VS2_1
A 1727200 -2692400 203200 1 9 3 #=9
A 0 0 9 0 3 0 PINTYPE=BI
P 10 2032000 -3048000 2032000 -2540000 0 1 0
L 2032000 -2463800 228600 1 2 0 1 0 +VS2_2
A 1981200 -2692400 203200 1 9 3 #=10
A 0 0 9 0 3 0 PINTYPE=BI
P 11 2286000 -3048000 2286000 -2540000 0 1 0
L 2286000 -2463800 228600 1 2 0 1 0 VOCM2
A 2235200 -2692400 203200 1 9 3 #=11
A 0 0 9 0 3 0 PINTYPE=BI
P 12 2540000 -3048000 2540000 -2540000 0 1 0
L 2540000 -2463800 228600 1 2 0 1 0 +OUT2
A 2489200 -2692400 203200 1 9 3 #=12
A 0 0 9 0 3 0 PINTYPE=BI
P 13 4064000 0 3556000 0 0 3 0
L 3479800 0 228600 0 8 0 1 0 +OUT1
A 3708400 50800 203200 0 3 3 #=18
A 0 0 9 0 3 0 PINTYPE=BI
P 14 4064000 -254000 3556000 -254000 0 3 0
L 3479800 -254000 228600 0 8 0 1 0 VOCM1
A 3708400 -203200 203200 0 3 3 #=17
A 0 0 9 0 3 0 PINTYPE=BI
P 15 4064000 -508000 3556000 -508000 0 3 0
L 3479800 -508000 228600 0 8 0 1 0 -VS2_2
A 3708400 -457200 203200 0 3 3 #=16
A 0 0 9 0 3 0 PINTYPE=BI
P 16 4064000 -762000 3556000 -762000 0 3 0
L 3479800 -762000 228600 0 8 0 1 0 -VS2_1
A 3708400 -711200 203200 0 3 3 #=15
A 0 0 9 0 3 0 PINTYPE=BI
P 17 4064000 -1016000 3556000 -1016000 0 3 0
L 3479800 -1016000 228600 0 8 0 1 0 ~DISABLE2
A 3708400 -965200 203200 0 3 3 #=14
A 0 0 9 0 3 0 PINTYPE=BI
P 18 4064000 -1270000 3556000 -1270000 0 3 0
L 3479800 -1270000 228600 0 8 0 1 0 -OUT2
A 3708400 -1219200 203200 0 3 3 #=13
A 0 0 9 0 3 0 PINTYPE=BI
P 19 1270000 2286000 1270000 1778000 0 0 0
L 1270000 1701800 228600 1 8 0 1 0 EP
A 1219200 1930400 203200 1 3 3 #=25
A 0 0 9 0 3 0 PINTYPE=BI
P 20 1524000 2286000 1524000 1778000 0 0 0
L 1524000 1701800 228600 1 8 0 1 0 +IN1
A 1473200 1930400 203200 1 3 3 #=24
A 0 0 9 0 3 0 PINTYPE=BI
P 21 1778000 2286000 1778000 1778000 0 0 0
L 1778000 1701800 228600 1 8 0 1 0 -FB1
A 1727200 1930400 203200 1 3 3 #=23
A 0 0 9 0 3 0 PINTYPE=BI
P 22 2032000 2286000 2032000 1778000 0 0 0
L 2032000 1701800 228600 1 8 0 1 0 -VS1_2
A 1981200 1930400 203200 1 3 3 #=22
A 0 0 9 0 3 0 PINTYPE=BI
P 23 2286000 2286000 2286000 1778000 0 0 0
L 2286000 1701800 228600 1 8 0 1 0 -VS1_1
A 2235200 1930400 203200 1 3 3 #=21
A 0 0 9 0 3 0 PINTYPE=BI
P 24 2540000 2286000 2540000 1778000 0 0 0
L 2540000 1701800 228600 1 8 0 1 0 ~DISABLE1
A 2489200 1930400 203200 1 3 3 #=20
A 0 0 9 0 3 0 PINTYPE=BI
P 25 2794000 2286000 2794000 1778000 0 0 0
L 2794000 1701800 228600 1 8 0 1 0 -OUT1
A 2743200 1930400 203200 1 3 3 #=19
A 0 0 9 0 3 0 PINTYPE=BI
E
