V 54
K 1
D 0 -2032000 3810000 1778000
Y 1
U 3429000 1778000 254000 0 2 3 REFDES=IC?
U 3429000 1524000 254000 0 2 3 DEVICE=PMA3-73-1W+
U 3429000 1270000 254000 0 2 0 PKG_TYPE=QFN51P300X300X89-13N
U 3429000 1016000 254000 0 2 0 Description=Mini-Circuits SMT MMIC, Power Amplifier, 300 MHz to 7500 MHz, 50ohm, 3x3 mm QFN Style Package
U 3429000 762000 254000 0 2 0 Datasheet Link=https://www.minicircuits.com/WebStore/dashboard.html?model=PMA3-73-1W%2B
U 3429000 508000 254000 0 2 0 Height=0.89
U 3429000 254000 254000 0 2 0 Mouser Part Number=
U 3429000 0 254000 0 2 0 Mouser Price/Stock=
U 3429000 -254000 254000 0 2 0 Manufacturer_Name=Mini-Circuits
U 3429000 -508000 254000 0 2 0 Manufacturer_Part_Number=PMA3-73-1W+
U 0 0 254000 0 1 0 FORWARD_PCB=1
l 5 508000 1270000 3302000 1270000 3302000 -1524000 508000 -1524000 508000 1270000
|GRPHSTL -1 -1 -1 1
P 1 0 0 508000 0 0 2 0
L 584200 0 228600 0 2 0 1 0 GND_1
A 355600 50800 203200 0 9 3 #=1
A 0 0 9 0 3 0 PINTYPE=BI
P 2 0 -254000 508000 -254000 0 2 0
L 584200 -254000 228600 0 2 0 1 0 RF-IN
A 355600 -203200 203200 0 9 3 #=2
A 0 0 9 0 3 0 PINTYPE=BI
P 3 0 -508000 508000 -508000 0 2 0
L 584200 -508000 228600 0 2 0 1 0 GND_2
A 355600 -457200 203200 0 9 3 #=3
A 0 0 9 0 3 0 PINTYPE=BI
P 4 1524000 -2032000 1524000 -1524000 0 1 0
L 1524000 -1447800 228600 1 2 0 1 0 NC_1
A 1473200 -1676400 203200 1 9 3 #=4
A 0 0 9 0 3 0 PINTYPE=BI
P 5 1778000 -2032000 1778000 -1524000 0 1 0
L 1778000 -1447800 228600 1 2 0 1 0 NC_2
A 1727200 -1676400 203200 1 9 3 #=5
A 0 0 9 0 3 0 PINTYPE=BI
P 6 2032000 -2032000 2032000 -1524000 0 1 0
L 2032000 -1447800 228600 1 2 0 1 0 NC_3
A 1981200 -1676400 203200 1 9 3 #=6
A 0 0 9 0 3 0 PINTYPE=BI
P 7 3810000 0 3302000 0 0 3 0
L 3225800 0 228600 0 8 0 1 0 GND_4
A 3454400 50800 203200 0 3 3 #=9
A 0 0 9 0 3 0 PINTYPE=BI
P 8 3810000 -254000 3302000 -254000 0 3 0
L 3225800 -254000 228600 0 8 0 1 0 RF-OUT+VDD
A 3454400 -203200 203200 0 3 3 #=8
A 0 0 9 0 3 0 PINTYPE=BI
P 9 3810000 -508000 3302000 -508000 0 3 0
L 3225800 -508000 228600 0 8 0 1 0 GND_3
A 3454400 -457200 203200 0 3 3 #=7
A 0 0 9 0 3 0 PINTYPE=BI
P 10 1524000 1778000 1524000 1270000 0 0 0
L 1524000 1193800 228600 1 8 0 1 0 EP
A 1473200 1422400 203200 1 3 3 #=13
A 0 0 9 0 3 0 PINTYPE=BI
P 11 1778000 1778000 1778000 1270000 0 0 0
L 1778000 1193800 228600 1 8 0 1 0 VIADJ
A 1727200 1422400 203200 1 3 3 #=12
A 0 0 9 0 3 0 PINTYPE=BI
P 12 2032000 1778000 2032000 1270000 0 0 0
L 2032000 1193800 228600 1 8 0 1 0 NC_5
A 1981200 1422400 203200 1 3 3 #=11
A 0 0 9 0 3 0 PINTYPE=BI
P 13 2286000 1778000 2286000 1270000 0 0 0
L 2286000 1193800 228600 1 8 0 1 0 NC_4
A 2235200 1422400 203200 1 3 3 #=10
A 0 0 9 0 3 0 PINTYPE=BI
E
