V 54
K 1
D 0 -2794000 3048000 0
Y 1
U 2667000 762000 254000 0 2 3 REFDES=PS?
U 2667000 508000 254000 0 2 3 DEVICE=LM27762DSSR
U 2667000 254000 254000 0 2 0 PKG_TYPE=SON50P200X300X80-13N-D
U 2667000 0 254000 0 2 0 Description=LDO Voltage Regulators Low-Noise Positive- and Negative-Output Integrated Switched Capacitor Plus LDO 12-WSON -40 to 85
U 2667000 -254000 254000 0 2 0 Datasheet Link=https://www.ti.com/lit/ds/symlink/lm27762.pdf
U 2667000 -508000 254000 0 2 0 Height=0.8
U 2667000 -762000 254000 0 2 0 Mouser Part Number=595-LM27762DSSR
U 2667000 -1016000 254000 0 2 0 Mouser Price/Stock=https://www.mouser.co.uk/ProductDetail/Texas-Instruments/LM27762DSSR?qs=vcbl%252BK4rRlfEJcC9xQ80sA%3D%3D
U 2667000 -1270000 254000 0 2 0 Manufacturer_Name=Texas Instruments
U 2667000 -1524000 254000 0 2 0 Manufacturer_Part_Number=LM27762DSSR
U 0 0 254000 0 1 0 FORWARD_PCB=1
l 5 508000 254000 2540000 254000 2540000 -2286000 508000 -2286000 508000 254000
|GRPHSTL -1 -1 -1 1
P 1 0 0 508000 0 0 2 0
L 584200 0 228600 0 2 0 1 0 PGOOD
A 355600 50800 203200 0 9 3 #=1
A 0 0 9 0 3 0 PINTYPE=OUT
P 2 0 -254000 508000 -254000 0 2 0
L 584200 -254000 228600 0 2 0 1 0 FB+
A 355600 -203200 203200 0 9 3 #=2
A 0 0 9 0 3 0 PINTYPE=POWER
P 3 0 -508000 508000 -508000 0 2 0
L 584200 -508000 228600 0 2 0 1 0 VIN
A 355600 -457200 203200 0 9 3 #=3
A 0 0 9 0 3 0 PINTYPE=POWER
P 4 0 -762000 508000 -762000 0 2 0
L 584200 -762000 228600 0 2 0 1 0 GND
A 355600 -711200 203200 0 9 3 #=4
A 0 0 9 0 3 0 PINTYPE=GROUND
P 5 0 -1016000 508000 -1016000 0 2 0
L 584200 -1016000 228600 0 2 0 1 0 CP
A 355600 -965200 203200 0 9 3 #=5
A 0 0 9 0 3 0 PINTYPE=POWER
P 6 0 -1270000 508000 -1270000 0 2 0
L 584200 -1270000 228600 0 2 0 1 0 OUT-
A 355600 -1219200 203200 0 9 3 #=6
A 0 0 9 0 3 0 PINTYPE=POWER
P 7 1524000 -2794000 1524000 -2286000 0 1 0
L 1524000 -2209800 228600 1 2 0 1 0 PAD
A 1473200 -2438400 203200 1 9 3 #=13
A 0 0 9 0 3 0 PINTYPE=GROUND
P 8 3048000 0 2540000 0 0 3 0
L 2463800 0 228600 0 8 0 1 0 EN+
A 2692400 50800 203200 0 3 3 #=12
A 0 0 9 0 3 0 PINTYPE=IN
P 9 3048000 -254000 2540000 -254000 0 3 0
L 2463800 -254000 228600 0 8 0 1 0 OUT+
A 2692400 -203200 203200 0 3 3 #=11
A 0 0 9 0 3 0 PINTYPE=POWER
P 10 3048000 -508000 2540000 -508000 0 3 0
L 2463800 -508000 228600 0 8 0 1 0 C1+
A 2692400 -457200 203200 0 3 3 #=10
A 0 0 9 0 3 0 PINTYPE=POWER
P 11 3048000 -762000 2540000 -762000 0 3 0
L 2463800 -762000 228600 0 8 0 1 0 C1-
A 2692400 -711200 203200 0 3 3 #=9
A 0 0 9 0 3 0 PINTYPE=POWER
P 12 3048000 -1016000 2540000 -1016000 0 3 0
L 2463800 -1016000 228600 0 8 0 1 0 EN-
A 2692400 -965200 203200 0 3 3 #=8
A 0 0 9 0 3 0 PINTYPE=IN
P 13 3048000 -1270000 2540000 -1270000 0 3 0
L 2463800 -1270000 228600 0 8 0 1 0 FB-
A 2692400 -1219200 203200 0 3 3 #=7
A 0 0 9 0 3 0 PINTYPE=POWER
E
