V 54
K 1
D 0 -2032000 3556000 2032000
Y 1
U 3175000 2032000 254000 0 2 3 REFDES=FL?
U 3175000 1778000 254000 0 2 3 DEVICE=BFCN-5100+
U 3175000 1524000 254000 0 2 0 PKG_TYPE=BFCN5100
U 3175000 1270000 254000 0 2 0 Description=5.1GHz Center Band Pass Ceramic Filter 4 GHz 50Ohm 8-SMD Module
U 3175000 1016000 254000 0 2 0 Datasheet Link=https://www.minicircuits.com/WebStore/dashboard.html?model=BFCN-5100%2B
U 3175000 762000 254000 0 2 0 Height=1.042
U 3175000 508000 254000 0 2 0 Mouser Part Number=139-BFCN-5100
U 3175000 254000 254000 0 2 0 Mouser Price/Stock=https://www.mouser.co.uk/ProductDetail/Mini-Circuits/BFCN-5100%2b?qs=xZ%2FP%252Ba9zWqYgAa562jLAEw%3D%3D
U 3175000 0 254000 0 2 0 Manufacturer_Name=Mini-Circuits
U 3175000 -254000 254000 0 2 0 Manufacturer_Part_Number=BFCN-5100+
U 0 0 254000 0 1 0 FORWARD_PCB=1
l 5 508000 1524000 3048000 1524000 3048000 -1524000 508000 -1524000 508000 1524000
|GRPHSTL -1 -1 -1 1
P 1 0 0 508000 0 0 2 0
L 584200 0 228600 0 2 0 1 0 INPUT
A 355600 50800 203200 0 9 3 #=1
A 0 0 9 0 3 0 PINTYPE=BI
P 2 1524000 -2032000 1524000 -1524000 0 1 0
L 1524000 -1447800 228600 1 2 0 1 0 GROUND_1
A 1473200 -1676400 203200 1 9 3 #=2
A 0 0 9 0 3 0 PINTYPE=BI
P 3 1778000 -2032000 1778000 -1524000 0 1 0
L 1778000 -1447800 228600 1 2 0 1 0 GROUND_2
A 1727200 -1676400 203200 1 9 3 #=3
A 0 0 9 0 3 0 PINTYPE=BI
P 4 2032000 -2032000 2032000 -1524000 0 1 0
L 2032000 -1447800 228600 1 2 0 1 0 GROUND_3
A 1981200 -1676400 203200 1 9 3 #=4
A 0 0 9 0 3 0 PINTYPE=BI
P 5 3556000 0 3048000 0 0 3 0
L 2971800 0 228600 0 8 0 1 0 OUTPUT
A 3200400 50800 203200 0 3 3 #=5
A 0 0 9 0 3 0 PINTYPE=BI
P 6 2032000 2032000 2032000 1524000 0 0 0
L 2032000 1447800 228600 1 8 0 1 0 GROUND_4
A 1981200 1676400 203200 1 3 3 #=6
A 0 0 9 0 3 0 PINTYPE=BI
P 7 1778000 2032000 1778000 1524000 0 0 0
L 1778000 1447800 228600 1 8 0 1 0 GROUND_5
A 1727200 1676400 203200 1 3 3 #=7
A 0 0 9 0 3 0 PINTYPE=BI
P 8 1524000 2032000 1524000 1524000 0 0 0
L 1524000 1447800 228600 1 8 0 1 0 GROUND_6
A 1473200 1676400 203200 1 3 3 #=8
A 0 0 9 0 3 0 PINTYPE=BI
E
