V 54
K 1
D 0 -254000 4318000 0
Y 1
U 3937000 762000 254000 0 2 3 REFDES=U?
U 3937000 508000 254000 0 2 3 DEVICE=TCCH-80+
U 3937000 254000 254000 0 2 0 PKG_TYPE=TCCH80
U 3937000 0 254000 0 2 0 Description=RF Choke
U 3937000 -254000 254000 0 2 0 Datasheet Link=https://www.minicircuits.com/pdfs/TCCH-80+.pdf
U 3937000 -508000 254000 0 2 0 Height=3.81
U 3937000 -762000 254000 0 2 0 Mouser Part Number=139-TCCH-80
U 3937000 -1016000 254000 0 2 0 Mouser Price/Stock=https://www.mouser.co.uk/ProductDetail/Mini-Circuits/TCCH-80%2b?qs=xZ%2FP%252Ba9zWqbIZgt27nGgHg%3D%3D
U 3937000 -1270000 254000 0 2 0 Manufacturer_Name=Mini-Circuits
U 3937000 -1524000 254000 0 2 0 Manufacturer_Part_Number=TCCH-80+
U 0 0 254000 0 1 0 FORWARD_PCB=1
l 5 508000 254000 3810000 254000 3810000 -508000 508000 -508000 508000 254000
|GRPHSTL -1 -1 -1 1
P 1 0 0 508000 0 0 2 0
L 584200 0 228600 0 2 0 1 0 RF-IN_&_DC
A 355600 50800 203200 0 9 3 #=1
A 0 0 9 0 3 0 PINTYPE=BI
P 2 4318000 0 3810000 0 0 3 0
L 3733800 0 228600 0 8 0 1 0 NOT_USED_1
A 3962400 50800 203200 0 3 3 #=2
A 0 0 9 0 3 0 PINTYPE=BI
P 3 4318000 -254000 3810000 -254000 0 3 0
L 3733800 -254000 228600 0 8 0 1 0 DC
A 3962400 -203200 203200 0 3 3 #=3
A 0 0 9 0 3 0 PINTYPE=BI
P 4 0 -254000 508000 -254000 0 2 0
L 584200 -254000 228600 0 2 0 1 0 NOT_USED_2
A 355600 -203200 203200 0 9 3 #=4
A 0 0 9 0 3 0 PINTYPE=BI
E
