V 54
K 1
D 0 -3048000 3556000 2540000
Y 1
U 3175000 2540000 254000 0 2 3 REFDES=IC?
U 3175000 2286000 254000 0 2 3 DEVICE=AD7380-4BCPZ
U 3175000 2032000 254000 0 2 0 PKG_TYPE=QFN50P400X400X60-25N-D
U 3175000 1778000 254000 0 2 0 Description=AD7380-4BCPZ
U 3175000 1524000 254000 0 2 0 Datasheet Link=https://www.mouser.de/datasheet/2/609/ad7380_4-2821747.pdf
U 3175000 1270000 254000 0 2 0 Height=0.6
U 3175000 1016000 254000 0 2 0 Mouser Part Number=584-AD7380-4BCPZ
U 3175000 762000 254000 0 2 0 Mouser Price/Stock=https://www.mouser.co.uk/ProductDetail/Analog-Devices/AD7380-4BCPZ?qs=pUKx8fyJudDRIFEK2AiXQg%3D%3D
U 3175000 508000 254000 0 2 0 Manufacturer_Name=Analog Devices
U 3175000 254000 254000 0 2 0 Manufacturer_Part_Number=AD7380-4BCPZ
U 0 0 254000 0 1 0 FORWARD_PCB=1
l 5 508000 2032000 3048000 2032000 3048000 -2540000 508000 -2540000 508000 2032000
|GRPHSTL -1 -1 -1 1
P 1 0 0 508000 0 0 2 0
L 584200 0 228600 0 2 0 1 0 GND_1
A 355600 50800 203200 0 9 3 #=1
A 0 0 9 0 3 0 PINTYPE=BI
P 2 0 -254000 508000 -254000 0 2 0
L 584200 -254000 228600 0 2 0 1 0 VLOGIC
A 355600 -203200 203200 0 9 3 #=2
A 0 0 9 0 3 0 PINTYPE=BI
P 3 0 -508000 508000 -508000 0 2 0
L 584200 -508000 228600 0 2 0 1 0 REGCAP
A 355600 -457200 203200 0 9 3 #=3
A 0 0 9 0 3 0 PINTYPE=BI
P 4 0 -762000 508000 -762000 0 2 0
L 584200 -762000 228600 0 2 0 1 0 VCC
A 355600 -711200 203200 0 9 3 #=4
A 0 0 9 0 3 0 PINTYPE=BI
P 5 0 -1016000 508000 -1016000 0 2 0
L 584200 -1016000 228600 0 2 0 1 0 GND_2
A 355600 -965200 203200 0 9 3 #=5
A 0 0 9 0 3 0 PINTYPE=BI
P 6 0 -1270000 508000 -1270000 0 2 0
L 584200 -1270000 228600 0 2 0 1 0 AIND-
A 355600 -1219200 203200 0 9 3 #=6
A 0 0 9 0 3 0 PINTYPE=BI
P 7 1016000 -3048000 1016000 -2540000 0 1 0
L 1016000 -2463800 228600 1 2 0 1 0 AIND+
A 965200 -2692400 203200 1 9 3 #=7
A 0 0 9 0 3 0 PINTYPE=BI
P 8 1270000 -3048000 1270000 -2540000 0 1 0
L 1270000 -2463800 228600 1 2 0 1 0 AINC-
A 1219200 -2692400 203200 1 9 3 #=8
A 0 0 9 0 3 0 PINTYPE=BI
P 9 1524000 -3048000 1524000 -2540000 0 1 0
L 1524000 -2463800 228600 1 2 0 1 0 AINC+
A 1473200 -2692400 203200 1 9 3 #=9
A 0 0 9 0 3 0 PINTYPE=BI
P 10 1778000 -3048000 1778000 -2540000 0 1 0
L 1778000 -2463800 228600 1 2 0 1 0 AINB-
A 1727200 -2692400 203200 1 9 3 #=10
A 0 0 9 0 3 0 PINTYPE=BI
P 11 2032000 -3048000 2032000 -2540000 0 1 0
L 2032000 -2463800 228600 1 2 0 1 0 AINB+
A 1981200 -2692400 203200 1 9 3 #=11
A 0 0 9 0 3 0 PINTYPE=BI
P 12 2286000 -3048000 2286000 -2540000 0 1 0
L 2286000 -2463800 228600 1 2 0 1 0 AINA-
A 2235200 -2692400 203200 1 9 3 #=12
A 0 0 9 0 3 0 PINTYPE=BI
P 13 3556000 0 3048000 0 0 3 0
L 2971800 0 228600 0 8 0 1 0 ~CS
A 3200400 50800 203200 0 3 3 #=18
A 0 0 9 0 3 0 PINTYPE=BI
P 14 3556000 -254000 3048000 -254000 0 3 0
L 2971800 -254000 228600 0 8 0 1 0 REFIO
A 3200400 -203200 203200 0 3 3 #=17
A 0 0 9 0 3 0 PINTYPE=BI
P 15 3556000 -508000 3048000 -508000 0 3 0
L 2971800 -508000 228600 0 8 0 1 0 GND_4
A 3200400 -457200 203200 0 3 3 #=16
A 0 0 9 0 3 0 PINTYPE=BI
P 16 3556000 -762000 3048000 -762000 0 3 0
L 2971800 -762000 228600 0 8 0 1 0 DNC
A 3200400 -711200 203200 0 3 3 #=15
A 0 0 9 0 3 0 PINTYPE=BI
P 17 3556000 -1016000 3048000 -1016000 0 3 0
L 2971800 -1016000 228600 0 8 0 1 0 GND_3
A 3200400 -965200 203200 0 3 3 #=14
A 0 0 9 0 3 0 PINTYPE=BI
P 18 3556000 -1270000 3048000 -1270000 0 3 0
L 2971800 -1270000 228600 0 8 0 1 0 AINA+
A 3200400 -1219200 203200 0 3 3 #=13
A 0 0 9 0 3 0 PINTYPE=BI
P 19 1016000 2540000 1016000 2032000 0 0 0
L 1016000 1955800 228600 1 8 0 1 0 EP
A 965200 2184400 203200 1 3 3 #=25
A 0 0 9 0 3 0 PINTYPE=BI
P 20 1270000 2540000 1270000 2032000 0 0 0
L 1270000 1955800 228600 1 8 0 1 0 SDOD/~ALERT
A 1219200 2184400 203200 1 3 3 #=24
A 0 0 9 0 3 0 PINTYPE=BI
P 21 1524000 2540000 1524000 2032000 0 0 0
L 1524000 1955800 228600 1 8 0 1 0 SDOC
A 1473200 2184400 203200 1 3 3 #=23
A 0 0 9 0 3 0 PINTYPE=BI
P 22 1778000 2540000 1778000 2032000 0 0 0
L 1778000 1955800 228600 1 8 0 1 0 SCLK
A 1727200 2184400 203200 1 3 3 #=22
A 0 0 9 0 3 0 PINTYPE=BI
P 23 2032000 2540000 2032000 2032000 0 0 0
L 2032000 1955800 228600 1 8 0 1 0 SDI
A 1981200 2184400 203200 1 3 3 #=21
A 0 0 9 0 3 0 PINTYPE=BI
P 24 2286000 2540000 2286000 2032000 0 0 0
L 2286000 1955800 228600 1 8 0 1 0 SDOB
A 2235200 2184400 203200 1 3 3 #=20
A 0 0 9 0 3 0 PINTYPE=BI
P 25 2540000 2540000 2540000 2032000 0 0 0
L 2540000 1955800 228600 1 8 0 1 0 SDOA
A 2489200 2184400 203200 1 3 3 #=19
A 0 0 9 0 3 0 PINTYPE=BI
E
