V 54
K 1
D 0 -6096000 5588000 2032000
Y 1
U 5207000 2032000 254000 0 2 3 REFDES=IC?
U 5207000 1778000 254000 0 2 3 DEVICE=ADS8584SIPM
U 5207000 1524000 254000 0 2 0 PKG_TYPE=QFP50P1200X1200X160-64N
U 5207000 1270000 254000 0 2 0 Description=16-Bit High-Speed 4-Channel Simultaneous-Sampling ADC With Bipolar Inputs on a Single Supply
U 5207000 1016000 254000 0 2 0 Datasheet Link=http://www.ti.com/lit/gpn/ADS8584S
U 5207000 762000 254000 0 2 0 Height=1.6
U 5207000 508000 254000 0 2 0 Mouser Part Number=595-ADS8584SIPM
U 5207000 254000 254000 0 2 0 Mouser Price/Stock=https://www.mouser.co.uk/ProductDetail/Texas-Instruments/ADS8584SIPM?qs=bKNdOM%2FM%252B1lH77Qr%252B3Rurw%3D%3D
U 5207000 0 254000 0 2 0 Manufacturer_Name=Texas Instruments
U 5207000 -254000 254000 0 2 0 Manufacturer_Part_Number=ADS8584SIPM
U 0 0 254000 0 1 0 FORWARD_PCB=1
l 5 508000 1524000 5080000 1524000 5080000 -5588000 508000 -5588000 508000 1524000
|GRPHSTL -1 -1 -1 1
P 1 0 0 508000 0 0 2 0
L 584200 0 228600 0 2 0 1 0 AVDD_1
A 355600 50800 203200 0 9 3 #=1
A 0 0 9 0 3 0 PINTYPE=BI
P 2 0 -254000 508000 -254000 0 2 0
L 584200 -254000 228600 0 2 0 1 0 AGND_1
A 355600 -203200 203200 0 9 3 #=2
A 0 0 9 0 3 0 PINTYPE=BI
P 3 0 -508000 508000 -508000 0 2 0
L 584200 -508000 228600 0 2 0 1 0 OS0
A 355600 -457200 203200 0 9 3 #=3
A 0 0 9 0 3 0 PINTYPE=BI
P 4 0 -762000 508000 -762000 0 2 0
L 584200 -762000 228600 0 2 0 1 0 OS1
A 355600 -711200 203200 0 9 3 #=4
A 0 0 9 0 3 0 PINTYPE=BI
P 5 0 -1016000 508000 -1016000 0 2 0
L 584200 -1016000 228600 0 2 0 1 0 OS2
A 355600 -965200 203200 0 9 3 #=5
A 0 0 9 0 3 0 PINTYPE=BI
P 6 0 -1270000 508000 -1270000 0 2 0
L 584200 -1270000 228600 0 2 0 1 0 ~PAR~/SER/BYTE_SEL
A 355600 -1219200 203200 0 9 3 #=6
A 0 0 9 0 3 0 PINTYPE=BI
P 7 0 -1524000 508000 -1524000 0 2 0
L 584200 -1524000 228600 0 2 0 1 0 ~STBY
A 355600 -1473200 203200 0 9 3 #=7
A 0 0 9 0 3 0 PINTYPE=BI
P 8 0 -1778000 508000 -1778000 0 2 0
L 584200 -1778000 228600 0 2 0 1 0 RANGE
A 355600 -1727200 203200 0 9 3 #=8
A 0 0 9 0 3 0 PINTYPE=BI
P 9 0 -2032000 508000 -2032000 0 2 0
L 584200 -2032000 228600 0 2 0 1 0 CONVSTA
A 355600 -1981200 203200 0 9 3 #=9
A 0 0 9 0 3 0 PINTYPE=BI
P 10 0 -2286000 508000 -2286000 0 2 0
L 584200 -2286000 228600 0 2 0 1 0 CONVSTB
A 355600 -2235200 203200 0 9 3 #=10
A 0 0 9 0 3 0 PINTYPE=BI
P 11 0 -2540000 508000 -2540000 0 2 0
L 584200 -2540000 228600 0 2 0 1 0 RESET
A 355600 -2489200 203200 0 9 3 #=11
A 0 0 9 0 3 0 PINTYPE=BI
P 12 0 -2794000 508000 -2794000 0 2 0
L 584200 -2794000 228600 0 2 0 1 0 ~RD~/SCLK
A 355600 -2743200 203200 0 9 3 #=12
A 0 0 9 0 3 0 PINTYPE=BI
P 13 0 -3048000 508000 -3048000 0 2 0
L 584200 -3048000 228600 0 2 0 1 0 ~CS
A 355600 -2997200 203200 0 9 3 #=13
A 0 0 9 0 3 0 PINTYPE=BI
P 14 0 -3302000 508000 -3302000 0 2 0
L 584200 -3302000 228600 0 2 0 1 0 BUSY
A 355600 -3251200 203200 0 9 3 #=14
A 0 0 9 0 3 0 PINTYPE=BI
P 15 0 -3556000 508000 -3556000 0 2 0
L 584200 -3556000 228600 0 2 0 1 0 FRSTDATA
A 355600 -3505200 203200 0 9 3 #=15
A 0 0 9 0 3 0 PINTYPE=BI
P 16 0 -3810000 508000 -3810000 0 2 0
L 584200 -3810000 228600 0 2 0 1 0 DB0
A 355600 -3759200 203200 0 9 3 #=16
A 0 0 9 0 3 0 PINTYPE=BI
P 17 762000 -6096000 762000 -5588000 0 1 0
L 762000 -5511800 228600 1 2 0 1 0 DB1
A 711200 -5740400 203200 1 9 3 #=17
A 0 0 9 0 3 0 PINTYPE=BI
P 18 1016000 -6096000 1016000 -5588000 0 1 0
L 1016000 -5511800 228600 1 2 0 1 0 DB2
A 965200 -5740400 203200 1 9 3 #=18
A 0 0 9 0 3 0 PINTYPE=BI
P 19 1270000 -6096000 1270000 -5588000 0 1 0
L 1270000 -5511800 228600 1 2 0 1 0 DB3
A 1219200 -5740400 203200 1 9 3 #=19
A 0 0 9 0 3 0 PINTYPE=BI
P 20 1524000 -6096000 1524000 -5588000 0 1 0
L 1524000 -5511800 228600 1 2 0 1 0 DB4
A 1473200 -5740400 203200 1 9 3 #=20
A 0 0 9 0 3 0 PINTYPE=BI
P 21 1778000 -6096000 1778000 -5588000 0 1 0
L 1778000 -5511800 228600 1 2 0 1 0 DB5
A 1727200 -5740400 203200 1 9 3 #=21
A 0 0 9 0 3 0 PINTYPE=BI
P 22 2032000 -6096000 2032000 -5588000 0 1 0
L 2032000 -5511800 228600 1 2 0 1 0 DB6
A 1981200 -5740400 203200 1 9 3 #=22
A 0 0 9 0 3 0 PINTYPE=BI
P 23 2286000 -6096000 2286000 -5588000 0 1 0
L 2286000 -5511800 228600 1 2 0 1 0 DVDD
A 2235200 -5740400 203200 1 9 3 #=23
A 0 0 9 0 3 0 PINTYPE=BI
P 24 2540000 -6096000 2540000 -5588000 0 1 0
L 2540000 -5511800 228600 1 2 0 1 0 DB7/DOUTA
A 2489200 -5740400 203200 1 9 3 #=24
A 0 0 9 0 3 0 PINTYPE=BI
P 25 2794000 -6096000 2794000 -5588000 0 1 0
L 2794000 -5511800 228600 1 2 0 1 0 DB8/DOUTB
A 2743200 -5740400 203200 1 9 3 #=25
A 0 0 9 0 3 0 PINTYPE=BI
P 26 3048000 -6096000 3048000 -5588000 0 1 0
L 3048000 -5511800 228600 1 2 0 1 0 AGND_2
A 2997200 -5740400 203200 1 9 3 #=26
A 0 0 9 0 3 0 PINTYPE=BI
P 27 3302000 -6096000 3302000 -5588000 0 1 0
L 3302000 -5511800 228600 1 2 0 1 0 DB9
A 3251200 -5740400 203200 1 9 3 #=27
A 0 0 9 0 3 0 PINTYPE=BI
P 28 3556000 -6096000 3556000 -5588000 0 1 0
L 3556000 -5511800 228600 1 2 0 1 0 DB10
A 3505200 -5740400 203200 1 9 3 #=28
A 0 0 9 0 3 0 PINTYPE=BI
P 29 3810000 -6096000 3810000 -5588000 0 1 0
L 3810000 -5511800 228600 1 2 0 1 0 DB11
A 3759200 -5740400 203200 1 9 3 #=29
A 0 0 9 0 3 0 PINTYPE=BI
P 30 4064000 -6096000 4064000 -5588000 0 1 0
L 4064000 -5511800 228600 1 2 0 1 0 DB12
A 4013200 -5740400 203200 1 9 3 #=30
A 0 0 9 0 3 0 PINTYPE=BI
P 31 4318000 -6096000 4318000 -5588000 0 1 0
L 4318000 -5511800 228600 1 2 0 1 0 DB13
A 4267200 -5740400 203200 1 9 3 #=31
A 0 0 9 0 3 0 PINTYPE=BI
P 32 4572000 -6096000 4572000 -5588000 0 1 0
L 4572000 -5511800 228600 1 2 0 1 0 DB14/HBEN
A 4521200 -5740400 203200 1 9 3 #=32
A 0 0 9 0 3 0 PINTYPE=BI
P 33 5588000 0 5080000 0 0 3 0
L 5003800 0 228600 0 8 0 1 0 AVDD_4
A 5232400 50800 203200 0 3 3 #=48
A 0 0 9 0 3 0 PINTYPE=BI
P 34 5588000 -254000 5080000 -254000 0 3 0
L 5003800 -254000 228600 0 8 0 1 0 AGND_6
A 5232400 -203200 203200 0 3 3 #=47
A 0 0 9 0 3 0 PINTYPE=BI
P 35 5588000 -508000 5080000 -508000 0 3 0
L 5003800 -508000 228600 0 8 0 1 0 REFGND_2
A 5232400 -457200 203200 0 3 3 #=46
A 0 0 9 0 3 0 PINTYPE=BI
P 36 5588000 -762000 5080000 -762000 0 3 0
L 5003800 -762000 228600 0 8 0 1 0 REFCAPB
A 5232400 -711200 203200 0 3 3 #=45
A 0 0 9 0 3 0 PINTYPE=BI
P 37 5588000 -1016000 5080000 -1016000 0 3 0
L 5003800 -1016000 228600 0 8 0 1 0 REFCAPA
A 5232400 -965200 203200 0 3 3 #=44
A 0 0 9 0 3 0 PINTYPE=BI
P 38 5588000 -1270000 5080000 -1270000 0 3 0
L 5003800 -1270000 228600 0 8 0 1 0 REFGND_1
A 5232400 -1219200 203200 0 3 3 #=43
A 0 0 9 0 3 0 PINTYPE=BI
P 39 5588000 -1524000 5080000 -1524000 0 3 0
L 5003800 -1524000 228600 0 8 0 1 0 REFIN/REFOUT
A 5232400 -1473200 203200 0 3 3 #=42
A 0 0 9 0 3 0 PINTYPE=BI
P 40 5588000 -1778000 5080000 -1778000 0 3 0
L 5003800 -1778000 228600 0 8 0 1 0 AGND_5
A 5232400 -1727200 203200 0 3 3 #=41
A 0 0 9 0 3 0 PINTYPE=BI
P 41 5588000 -2032000 5080000 -2032000 0 3 0
L 5003800 -2032000 228600 0 8 0 1 0 AGND_4
A 5232400 -1981200 203200 0 3 3 #=40
A 0 0 9 0 3 0 PINTYPE=BI
P 42 5588000 -2286000 5080000 -2286000 0 3 0
L 5003800 -2286000 228600 0 8 0 1 0 REGCAP2
A 5232400 -2235200 203200 0 3 3 #=39
A 0 0 9 0 3 0 PINTYPE=BI
P 43 5588000 -2540000 5080000 -2540000 0 3 0
L 5003800 -2540000 228600 0 8 0 1 0 AVDD_3
A 5232400 -2489200 203200 0 3 3 #=38
A 0 0 9 0 3 0 PINTYPE=BI
P 44 5588000 -2794000 5080000 -2794000 0 3 0
L 5003800 -2794000 228600 0 8 0 1 0 AVDD_2
A 5232400 -2743200 203200 0 3 3 #=37
A 0 0 9 0 3 0 PINTYPE=BI
P 45 5588000 -3048000 5080000 -3048000 0 3 0
L 5003800 -3048000 228600 0 8 0 1 0 REGCAP1
A 5232400 -2997200 203200 0 3 3 #=36
A 0 0 9 0 3 0 PINTYPE=BI
P 46 5588000 -3302000 5080000 -3302000 0 3 0
L 5003800 -3302000 228600 0 8 0 1 0 AGND_3
A 5232400 -3251200 203200 0 3 3 #=35
A 0 0 9 0 3 0 PINTYPE=BI
P 47 5588000 -3556000 5080000 -3556000 0 3 0
L 5003800 -3556000 228600 0 8 0 1 0 REFSEL
A 5232400 -3505200 203200 0 3 3 #=34
A 0 0 9 0 3 0 PINTYPE=BI
P 48 5588000 -3810000 5080000 -3810000 0 3 0
L 5003800 -3810000 228600 0 8 0 1 0 DB15/BYTE_SEL
A 5232400 -3759200 203200 0 3 3 #=33
A 0 0 9 0 3 0 PINTYPE=BI
P 49 762000 2032000 762000 1524000 0 0 0
L 762000 1447800 228600 1 8 0 1 0 AGND_14
A 711200 1676400 203200 1 3 3 #=64
A 0 0 9 0 3 0 PINTYPE=BI
P 50 1016000 2032000 1016000 1524000 0 0 0
L 1016000 1447800 228600 1 8 0 1 0 AGND_13
A 965200 1676400 203200 1 3 3 #=63
A 0 0 9 0 3 0 PINTYPE=BI
P 51 1270000 2032000 1270000 1524000 0 0 0
L 1270000 1447800 228600 1 8 0 1 0 AGND_12
A 1219200 1676400 203200 1 3 3 #=62
A 0 0 9 0 3 0 PINTYPE=BI
P 52 1524000 2032000 1524000 1524000 0 0 0
L 1524000 1447800 228600 1 8 0 1 0 AGND_11
A 1473200 1676400 203200 1 3 3 #=61
A 0 0 9 0 3 0 PINTYPE=BI
P 53 1778000 2032000 1778000 1524000 0 0 0
L 1778000 1447800 228600 1 8 0 1 0 AIN_4GND
A 1727200 1676400 203200 1 3 3 #=60
A 0 0 9 0 3 0 PINTYPE=BI
P 54 2032000 2032000 2032000 1524000 0 0 0
L 2032000 1447800 228600 1 8 0 1 0 AIN_4P
A 1981200 1676400 203200 1 3 3 #=59
A 0 0 9 0 3 0 PINTYPE=BI
P 55 2286000 2032000 2286000 1524000 0 0 0
L 2286000 1447800 228600 1 8 0 1 0 AIN_3GND
A 2235200 1676400 203200 1 3 3 #=58
A 0 0 9 0 3 0 PINTYPE=BI
P 56 2540000 2032000 2540000 1524000 0 0 0
L 2540000 1447800 228600 1 8 0 1 0 AIN_3P
A 2489200 1676400 203200 1 3 3 #=57
A 0 0 9 0 3 0 PINTYPE=BI
P 57 2794000 2032000 2794000 1524000 0 0 0
L 2794000 1447800 228600 1 8 0 1 0 AGND_10
A 2743200 1676400 203200 1 3 3 #=56
A 0 0 9 0 3 0 PINTYPE=BI
P 58 3048000 2032000 3048000 1524000 0 0 0
L 3048000 1447800 228600 1 8 0 1 0 AGND_9
A 2997200 1676400 203200 1 3 3 #=55
A 0 0 9 0 3 0 PINTYPE=BI
P 59 3302000 2032000 3302000 1524000 0 0 0
L 3302000 1447800 228600 1 8 0 1 0 AGND_8
A 3251200 1676400 203200 1 3 3 #=54
A 0 0 9 0 3 0 PINTYPE=BI
P 60 3556000 2032000 3556000 1524000 0 0 0
L 3556000 1447800 228600 1 8 0 1 0 AGND_7
A 3505200 1676400 203200 1 3 3 #=53
A 0 0 9 0 3 0 PINTYPE=BI
P 61 3810000 2032000 3810000 1524000 0 0 0
L 3810000 1447800 228600 1 8 0 1 0 AIN_2GND
A 3759200 1676400 203200 1 3 3 #=52
A 0 0 9 0 3 0 PINTYPE=BI
P 62 4064000 2032000 4064000 1524000 0 0 0
L 4064000 1447800 228600 1 8 0 1 0 AIN_2P
A 4013200 1676400 203200 1 3 3 #=51
A 0 0 9 0 3 0 PINTYPE=BI
P 63 4318000 2032000 4318000 1524000 0 0 0
L 4318000 1447800 228600 1 8 0 1 0 AIN_1GND
A 4267200 1676400 203200 1 3 3 #=50
A 0 0 9 0 3 0 PINTYPE=BI
P 64 4572000 2032000 4572000 1524000 0 0 0
L 4572000 1447800 228600 1 8 0 1 0 AIN_1P
A 4521200 1676400 203200 1 3 3 #=49
A 0 0 9 0 3 0 PINTYPE=BI
E
