V 54
K 1
D 0 -2032000 3556000 2032000
Y 1
U 3175000 2032000 254000 0 2 3 REFDES=FL?
U 3175000 1778000 254000 0 2 3 DEVICE=LFCN-6000+
U 3175000 1524000 254000 0 2 0 PKG_TYPE=LFCN6000
U 3175000 1270000 254000 0 2 0 Description=6.8GHz Low Pass Ceramic Filter 50Ohm 4-SMD, No Lead
U 3175000 1016000 254000 0 2 0 Datasheet Link=https://www.digikey.com/en/products/detail/mini-circuits/LFCN-6000/13927548
U 3175000 762000 254000 0 2 0 Height=0.94
U 3175000 508000 254000 0 2 0 Mouser Part Number=139-LFCN-6000
U 3175000 254000 254000 0 2 0 Mouser Price/Stock=https://www.mouser.co.uk/ProductDetail/Mini-Circuits/LFCN-6000%2b?qs=xZ%2FP%252Ba9zWqbGlRRPfKyqsA%3D%3D
U 3175000 0 254000 0 2 0 Manufacturer_Name=Mini-Circuits
U 3175000 -254000 254000 0 2 0 Manufacturer_Part_Number=LFCN-6000+
U 0 0 254000 0 1 0 FORWARD_PCB=1
l 5 508000 1524000 3048000 1524000 3048000 -1524000 508000 -1524000 508000 1524000
|GRPHSTL -1 -1 -1 1
P 1 0 0 508000 0 0 2 0
L 584200 0 228600 0 2 0 1 0 RF_IN
A 355600 50800 203200 0 9 3 #=1
A 0 0 9 0 3 0 PINTYPE=BI
P 2 1778000 -2032000 1778000 -1524000 0 1 0
L 1778000 -1447800 228600 1 2 0 1 0 GROUND_1
A 1727200 -1676400 203200 1 9 3 #=2
A 0 0 9 0 3 0 PINTYPE=BI
P 3 3556000 0 3048000 0 0 3 0
L 2971800 0 228600 0 8 0 1 0 RF_OUT
A 3200400 50800 203200 0 3 3 #=3
A 0 0 9 0 3 0 PINTYPE=BI
P 4 1778000 2032000 1778000 1524000 0 0 0
L 1778000 1447800 228600 1 8 0 1 0 GROUND_2
A 1727200 1676400 203200 1 3 3 #=4
A 0 0 9 0 3 0 PINTYPE=BI
E
